0, 0, Header, 1, 2, 120
1, 0, Start_track
1, 0, Time_signature, 4, 2, 24, 8
1, 0, Tempo, 681818
1, 0, End_track
2, 0, Start_track
2, 0, Program_c, 0, 42
2, 0, Tempo, 681818
2, 11, Note_on_c, 0, 65, 100
2, 21, Note_on_c, 0, 83, 0
2, 25, Note_on_c, 0, 83, 0
2, 40, Note_on_c, 0, 59, 0
2, 46, Note_on_c, 0, 54, 100
2, 49, Note_on_c, 0, 41, 100
2, 73, Note_on_c, 0, 64, 0
2, 74, Note_on_c, 0, 80, 0
2, 274, Note_on_c, 0, 53, 0
2, 302, Note_on_c, 0, 72, 0
2, 335, Note_on_c, 0, 58, 0
2, 365, Note_on_c, 0, 79, 100
2, 365, Note_on_c, 0, 65, 0
2, 365, Note_on_c, 0, 54, 0
2, 365, Note_on_c, 0, 89, 100
2, 366, Note_on_c, 0, 83, 100
2, 366, Note_on_c, 0, 41, 0
2, 366, Note_on_c, 0, 79, 0
2, 366, Note_on_c, 0, 83, 100
2, 376, Note_on_c, 0, 80, 0
2, 384, Note_on_c, 0, 41, 100
2, 384, Note_on_c, 0, 89, 0
2, 384, Note_on_c, 0, 83, 0
2, 428, Note_on_c, 0, 52, 100
2, 429, Note_on_c, 0, 70, 100
2, 430, Note_on_c, 0, 58, 100
2, 430, Note_on_c, 0, 41, 0
2, 430, Note_on_c, 0, 52, 0
2, 436, Note_on_c, 0, 51, 0
2, 443, Note_on_c, 0, 58, 100
2, 446, Note_on_c, 0, 59, 100
2, 446, Note_on_c, 0, 70, 0
2, 446, Note_on_c, 0, 58, 0
2, 447, Note_on_c, 0, 63, 100
2, 447, Note_on_c, 0, 53, 100
2, 448, Note_on_c, 0, 58, 100
2, 448, Note_on_c, 0, 59, 0
2, 448, Note_on_c, 0, 63, 0
2, 451, Note_on_c, 0, 42, 0
2, 474, Note_on_c, 0, 67, 100
2, 476, Note_on_c, 0, 67, 0
2, 492, Note_on_c, 0, 50, 0
2, 500, Note_on_c, 0, 83, 100
2, 502, Note_on_c, 0, 63, 100
2, 502, Note_on_c, 0, 53, 0
2, 502, Note_on_c, 0, 58, 0
2, 579, Note_on_c, 0, 66, 100
2, 588, Note_on_c, 0, 50, 100
2, 588, Note_on_c, 0, 83, 0
2, 588, Note_on_c, 0, 63, 0
2, 589, Note_on_c, 0, 51, 100
2, 589, Note_on_c, 0, 55, 0
2, 604, Note_on_c, 0, 57, 0
2, 617, Note_on_c, 0, 34, 0
2, 622, Note_on_c, 0, 59, 0
2, 689, Note_on_c, 0, 83, 0
2, 705, Note_on_c, 0, 64, 0
2, 713, Note_on_c, 0, 74, 0
2, 738, Note_on_c, 0, 76, 0
2, 740, Note_on_c, 0, 72, 0
2, 831, Note_on_c, 0, 96, 0
2, 831, Note_on_c, 0, 58, 0
2, 836, Note_on_c, 0, 72, 100
2, 836, Note_on_c, 0, 66, 0
2, 836, Note_on_c, 0, 50, 0
2, 844, Note_on_c, 0, 77, 100
2, 853, Note_on_c, 0, 59, 0
2, 857, Note_on_c, 0, 67, 0
2, 857, Note_on_c, 0, 61, 100
2, 857, Note_on_c, 0, 51, 0
2, 857, Note_on_c, 0, 72, 0
2, 872, Note_on_c, 0, 53, 0
2, 879, Note_on_c, 0, 67, 100
2, 880, Note_on_c, 0, 58, 100
2, 880, Note_on_c, 0, 77, 0
2, 880, Note_on_c, 0, 61, 0
2, 882, Note_on_c, 0, 83, 100
2, 927, Note_on_c, 0, 68, 0
2, 929, Note_on_c, 0, 64, 100
2, 929, Note_on_c, 0, 67, 0
2, 929, Note_on_c, 0, 58, 0
2, 982, Note_on_c, 0, 55, 100
2, 1014, Note_on_c, 0, 83, 100
2, 1014, Note_on_c, 0, 83, 0
2, 1014, Note_on_c, 0, 64, 0
2, 1017, Note_on_c, 0, 52, 100
2, 1018, Note_on_c, 0, 62, 0
2, 1026, Note_on_c, 0, 81, 0
2, 1031, Note_on_c, 0, 64, 0
2, 1035, Note_on_c, 0, 41, 0
2, 1058, Note_on_c, 0, 55, 0
2, 1076, Note_on_c, 0, 87, 0
2, 1128, Note_on_c, 0, 53, 0
2, 1160, Note_on_c, 0, 63, 0
2, 1177, Note_on_c, 0, 50, 100
2, 1212, Note_on_c, 0, 69, 100
2, 1213, Note_on_c, 0, 69, 100
2, 1213, Note_on_c, 0, 52, 0
2, 1213, Note_on_c, 0, 50, 0
2, 1222, Note_on_c, 0, 70, 0
2, 1226, Note_on_c, 0, 61, 100
2, 1226, Note_on_c, 0, 58, 100
2, 1226, Note_on_c, 0, 69, 0
2, 1226, Note_on_c, 0, 61, 0
2, 1249, Note_on_c, 0, 80, 0
2, 1318, Note_on_c, 0, 87, 0
2, 1325, Note_on_c, 0, 58, 0
2, 1378, Note_on_c, 0, 41, 0
2, 1385, Note_on_c, 0, 62, 0
2, 1389, Note_on_c, 0, 58, 0
2, 1418, Note_on_c, 0, 58, 0
2, 1427, Note_on_c, 0, 58, 0
2, 1431, Note_on_c, 0, 63, 100
2, 1431, Note_on_c, 0, 66, 100
2, 1497, Note_on_c, 0, 83, 0
2, 1558, Note_on_c, 0, 57, 0
2, 1558, Note_on_c, 0, 77, 100
2, 1559, Note_on_c, 0, 74, 0
2, 1567, Note_on_c, 0, 83, 100
2, 1567, Note_on_c, 0, 63, 0
2, 1567, Note_on_c, 0, 66, 0
2, 1580, Note_on_c, 0, 54, 0
2, 1592, Note_on_c, 0, 61, 0
2, 1602, Note_on_c, 0, 41, 100
2, 1604, Note_on_c, 0, 64, 0
2, 1608, Note_on_c, 0, 55, 100
2, 1608, Note_on_c, 0, 77, 0
2, 1608, Note_on_c, 0, 83, 0
2, 1613, Note_on_c, 0, 27, 0
2, 1614, Note_on_c, 0, 53, 0
2, 1620, Note_on_c, 0, 53, 100
2, 1686, Note_on_c, 0, 85, 0
2, 1686, Note_on_c, 0, 51, 100
2, 1686, Note_on_c, 0, 41, 0
2, 1686, Note_on_c, 0, 55, 0
2, 1708, Note_on_c, 0, 81, 100
2, 1714, Note_on_c, 0, 57, 0
2, 1721, Note_on_c, 0, 61, 0
2, 1726, Note_on_c, 0, 58, 0
2, 1729, Note_on_c, 0, 79, 0
2, 1837, Note_on_c, 0, 66, 100
2, 1837, Note_on_c, 0, 53, 0
2, 1837, Note_on_c, 0, 51, 0
2, 1864, Note_on_c, 0, 83, 100
2, 1888, Note_on_c, 0, 62, 100
2, 1888, Note_on_c, 0, 81, 0
2, 1888, Note_on_c, 0, 66, 0
2, 1889, Note_on_c, 0, 96, 100
2, 1889, Note_on_c, 0, 53, 100
2, 1889, Note_on_c, 0, 83, 0
2, 1889, Note_on_c, 0, 62, 0
2, 1897, Note_on_c, 0, 51, 0
2, 1916, Note_on_c, 0, 61, 100
2, 1917, Note_on_c, 0, 57, 100
2, 1917, Note_on_c, 0, 96, 0
2, 1917, Note_on_c, 0, 53, 0
2, 1920, Note_on_c, 0, 64, 100
2, 1923, Note_on_c, 0, 53, 100
2, 1923, Note_on_c, 0, 61, 0
2, 1923, Note_on_c, 0, 57, 0
2, 1928, Note_on_c, 0, 45, 100
2, 1972, Note_on_c, 0, 63, 0
2, 1977, Note_on_c, 0, 70, 100
2, 1977, Note_on_c, 0, 64, 0
2, 1977, Note_on_c, 0, 53, 0
2, 1977, Note_on_c, 0, 55, 100
2, 1979, Note_on_c, 0, 61, 100
2, 1979, Note_on_c, 0, 45, 0
2, 1979, Note_on_c, 0, 70, 0
2, 2001, Note_on_c, 0, 44, 0
2, 2034, Note_on_c, 0, 31, 0
2, 2040, Note_on_c, 0, 58, 0
2, 2057, Note_on_c, 0, 83, 0
2, 2065, Note_on_c, 0, 67, 100
2, 2076, Note_on_c, 0, 53, 100
2, 2076, Note_on_c, 0, 55, 0
2, 2076, Note_on_c, 0, 61, 0
2, 2077, Note_on_c, 0, 64, 0
2, 2089, Note_on_c, 0, 57, 0
2, 2094, Note_on_c, 0, 42, 100
2, 2101, Note_on_c, 0, 74, 0
2, 2202, Note_on_c, 0, 84, 0
2, 2239, Note_on_c, 0, 67, 0
2, 2244, Note_on_c, 0, 82, 100
2, 2248, Note_on_c, 0, 54, 0
2, 2288, Note_on_c, 0, 83, 100
2, 2288, Note_on_c, 0, 53, 0
2, 2288, Note_on_c, 0, 42, 0
2, 2318, Note_on_c, 0, 63, 100
2, 2334, Note_on_c, 0, 48, 0
2, 2337, Note_on_c, 0, 88, 100
2, 2337, Note_on_c, 0, 82, 0
2, 2337, Note_on_c, 0, 83, 0
2, 2346, Note_on_c, 0, 87, 0
2, 2380, Note_on_c, 0, 70, 100
2, 2381, Note_on_c, 0, 70, 100
2, 2381, Note_on_c, 0, 63, 0
2, 2381, Note_on_c, 0, 88, 0
2, 2381, Note_on_c, 0, 42, 100
2, 2382, Note_on_c, 0, 56, 100
2, 2382, Note_on_c, 0, 70, 0
2, 2382, Note_on_c, 0, 42, 0
2, 2385, Note_on_c, 0, 70, 100
2, 2388, Note_on_c, 0, 64, 0
2, 2392, Note_on_c, 0, 64, 100
2, 2401, Note_on_c, 0, 83, 0
2, 2410, Note_on_c, 0, 61, 0
2, 2418, Note_on_c, 0, 57, 0
2, 2426, Note_on_c, 0, 57, 100
2, 2426, Note_on_c, 0, 56, 0
2, 2426, Note_on_c, 0, 70, 0
2, 2427, Note_on_c, 0, 62, 100
2, 2591, Note_on_c, 0, 62, 0
2, 2596, Note_on_c, 0, 69, 100
2, 2600, Note_on_c, 0, 66, 0
2, 2600, Note_on_c, 0, 87, 0
2, 2614, Note_on_c, 0, 70, 100
2, 2614, Note_on_c, 0, 64, 0
2, 2614, Note_on_c, 0, 57, 0
2, 2664, Note_on_c, 0, 53, 0
2, 2670, Note_on_c, 0, 72, 0
2, 2673, Note_on_c, 0, 57, 100
2, 2674, Note_on_c, 0, 70, 0
2, 2687, Note_on_c, 0, 87, 0
2, 2691, Note_on_c, 0, 70, 100
2, 2698, Note_on_c, 0, 58, 0
2, 2702, Note_on_c, 0, 41, 0
2, 2706, Note_on_c, 0, 89, 100
2, 2706, Note_on_c, 0, 69, 0
2, 2706, Note_on_c, 0, 57, 0
2, 2798, Note_on_c, 0, 41, 100
2, 2799, Note_on_c, 0, 83, 100
2, 2799, Note_on_c, 0, 70, 0
2, 2799, Note_on_c, 0, 89, 0
2, 2808, Note_on_c, 0, 62, 100
2, 2808, Note_on_c, 0, 83, 100
2, 2808, Note_on_c, 0, 41, 0
2, 2808, Note_on_c, 0, 83, 0
2, 2809, Note_on_c, 0, 70, 100
2, 2809, Note_on_c, 0, 76, 100
2, 2810, Note_on_c, 0, 59, 100
2, 2810, Note_on_c, 0, 62, 0
2, 2810, Note_on_c, 0, 70, 0
2, 2818, Note_on_c, 0, 58, 0
2, 2827, Note_on_c, 0, 57, 100
2, 2830, Note_on_c, 0, 41, 0
2, 2834, Note_on_c, 0, 70, 0
2, 2871, Note_on_c, 0, 61, 0
2, 2883, Note_on_c, 0, 72, 0
2, 2901, Note_on_c, 0, 56, 0
2, 2901, Note_on_c, 0, 59, 100
2, 2901, Note_on_c, 0, 76, 0
2, 2901, Note_on_c, 0, 59, 0
2, 2920, Note_on_c, 0, 31, 0
2, 2920, Note_on_c, 0, 58, 100
2, 2924, Note_on_c, 0, 74, 0
2, 2948, Note_on_c, 0, 76, 0
2, 2966, Note_on_c, 0, 87, 100
2, 2970, Note_on_c, 0, 67, 0
2, 2985, Note_on_c, 0, 41, 100
2, 2985, Note_on_c, 0, 57, 0
2, 2985, Note_on_c, 0, 58, 0
2, 2988, Note_on_c, 0, 83, 100
2, 3007, Note_on_c, 0, 87, 0
2, 3008, Note_on_c, 0, 82, 100
2, 3011, Note_on_c, 0, 53, 0
2, 3012, Note_on_c, 0, 58, 0
2, 3015, Note_on_c, 0, 57, 0
2, 3018, Note_on_c, 0, 87, 100
2, 3018, Note_on_c, 0, 41, 0
2, 3018, Note_on_c, 0, 83, 0
2, 3038, Note_on_c, 0, 76, 100
2, 3040, Note_on_c, 0, 50, 100
2, 3040, Note_on_c, 0, 82, 0
2, 3040, Note_on_c, 0, 87, 0
2, 3102, Note_on_c, 0, 87, 0
2, 3109, Note_on_c, 0, 57, 0
2, 3157, Note_on_c, 0, 62, 0
2, 3159, Note_on_c, 0, 57, 0
2, 3189, Note_on_c, 0, 63, 0
2, 3199, Note_on_c, 0, 82, 0
2, 3241, Note_on_c, 0, 54, 0
2, 3258, Note_on_c, 0, 63, 0
2, 3302, Note_on_c, 0, 77, 100
2, 3305, Note_on_c, 0, 75, 0
2, 3347, Note_on_c, 0, 83, 100
2, 3347, Note_on_c, 0, 76, 0
2, 3347, Note_on_c, 0, 50, 0
2, 3350, Note_on_c, 0, 54, 0
2, 3390, Note_on_c, 0, 62, 100
2, 3402, Note_on_c, 0, 62, 0
2, 3430, Note_on_c, 0, 64, 0
2, 3430, Note_on_c, 0, 70, 0
2, 3430, Note_on_c, 0, 56, 0
2, 3470, Note_on_c, 0, 51, 0
2, 3470, Note_on_c, 0, 54, 100
2, 3478, Note_on_c, 0, 62, 0
2, 3478, Note_on_c, 0, 55, 100
2, 3478, Note_on_c, 0, 77, 0
2, 3478, Note_on_c, 0, 83, 0
2, 3480, Note_on_c, 0, 48, 100
2, 3482, Note_on_c, 0, 66, 100
2, 3482, Note_on_c, 0, 54, 0
2, 3482, Note_on_c, 0, 55, 0
2, 3483, Note_on_c, 0, 62, 100
2, 3524, Note_on_c, 0, 57, 100
2, 3524, Note_on_c, 0, 48, 0
2, 3524, Note_on_c, 0, 66, 0
2, 3530, Note_on_c, 0, 83, 0
2, 3567, Note_on_c, 0, 83, 0
2, 3572, Note_on_c, 0, 52, 100
2, 3579, Note_on_c, 0, 70, 0
2, 3613, Note_on_c, 0, 73, 100
2, 3613, Note_on_c, 0, 62, 0
2, 3613, Note_on_c, 0, 57, 0
2, 3626, Note_on_c, 0, 87, 0
2, 3636, Note_on_c, 0, 68, 0
2, 3656, Note_on_c, 0, 55, 0
2, 3658, Note_on_c, 0, 77, 0
2, 3658, Note_on_c, 0, 58, 0
2, 3720, Note_on_c, 0, 72, 100
2, 3724, Note_on_c, 0, 87, 100
2, 3724, Note_on_c, 0, 52, 0
2, 3724, Note_on_c, 0, 73, 0
2, 3725, Note_on_c, 0, 51, 100
2, 3749, Note_on_c, 0, 85, 0
2, 3758, Note_on_c, 0, 67, 0
2, 3827, Note_on_c, 0, 55, 0
2, 3859, Note_on_c, 0, 82, 100
2, 3859, Note_on_c, 0, 72, 0
2, 3859, Note_on_c, 0, 87, 0
2, 3866, Note_on_c, 0, 61, 0
2, 3901, Note_on_c, 0, 51, 0
2, 3907, Note_on_c, 0, 87, 0
2, 3912, Note_on_c, 0, 66, 100
2, 3929, Note_on_c, 0, 83, 0
2, 3945, Note_on_c, 0, 57, 100
2, 3947, Note_on_c, 0, 87, 100
2, 3947, Note_on_c, 0, 82, 0
2, 3947, Note_on_c, 0, 66, 0
2, 3948, Note_on_c, 0, 68, 100
2, 3953, Note_on_c, 0, 54, 0
2, 3957, Note_on_c, 0, 87, 0
2, 3963, Note_on_c, 0, 54, 100
2, 3963, Note_on_c, 0, 62, 100
2, 3963, Note_on_c, 0, 57, 0
2, 3963, Note_on_c, 0, 68, 0
2, 3963, Note_on_c, 0, 57, 100
2, 3968, Note_on_c, 0, 83, 100
2, 3968, Note_on_c, 0, 54, 0
2, 3968, Note_on_c, 0, 62, 0
2, 3968, Note_on_c, 0, 70, 100
2, 3986, Note_on_c, 0, 60, 0
2, 3991, Note_on_c, 0, 72, 0
2, 4088, Note_on_c, 0, 70, 0
2, 4157, Note_on_c, 0, 85, 0
2, 4178, Note_on_c, 0, 48, 0
2, 4187, Note_on_c, 0, 56, 0
2, 4194, Note_on_c, 0, 77, 0
2, 4237, Note_on_c, 0, 75, 100
2, 4239, Note_on_c, 0, 59, 0
2, 4242, Note_on_c, 0, 57, 100
2, 4242, Note_on_c, 0, 57, 0
2, 4242, Note_on_c, 0, 83, 0
2, 4254, Note_on_c, 0, 70, 100
2, 4270, Note_on_c, 0, 84, 100
2, 4288, Note_on_c, 0, 89, 0
2, 4306, Note_on_c, 0, 47, 0
2, 4352, Note_on_c, 0, 83, 0
2, 4386, Note_on_c, 0, 50, 100
2, 4386, Note_on_c, 0, 75, 0
2, 4386, Note_on_c, 0, 70, 0
2, 4396, Note_on_c, 0, 83, 0
2, 4500, Note_on_c, 0, 63, 100
2, 4505, Note_on_c, 0, 53, 0
2, 4573, Note_on_c, 0, 53, 0
2, 4574, Note_on_c, 0, 70, 100
2, 4574, Note_on_c, 0, 84, 0
2, 4574, Note_on_c, 0, 50, 0
2, 4577, Note_on_c, 0, 57, 0
2, 4647, Note_on_c, 0, 55, 0
2, 4650, Note_on_c, 0, 41, 0
2, 4703, Note_on_c, 0, 87, 100
2, 4711, Note_on_c, 0, 55, 0
2, 4717, Note_on_c, 0, 78, 0
2, 4787, Note_on_c, 0, 57, 0
2, 4928, Note_on_c, 0, 51, 0
2, 4945, Note_on_c, 0, 44, 0
2, 4975, Note_on_c, 0, 49, 0
2, 4999, Note_on_c, 0, 58, 0
2, 5022, Note_on_c, 0, 77, 0
2, 5030, Note_on_c, 0, 53, 0
2, 5032, Note_on_c, 0, 77, 100
2, 5032, Note_on_c, 0, 63, 0
2, 5032, Note_on_c, 0, 70, 0
2, 5051, Note_on_c, 0, 68, 0
2, 5058, Note_on_c, 0, 67, 0
2, 5059, Note_on_c, 0, 95, 0
2, 5096, Note_on_c, 0, 62, 0
2, 5109, Note_on_c, 0, 70, 100
2, 5109, Note_on_c, 0, 63, 100
2, 5109, Note_on_c, 0, 87, 0
2, 5109, Note_on_c, 0, 77, 0
2, 5110, Note_on_c, 0, 28, 100
2, 5114, Note_on_c, 0, 77, 100
2, 5114, Note_on_c, 0, 70, 0
2, 5114, Note_on_c, 0, 63, 0
2, 5115, Note_on_c, 0, 66, 100
2, 5117, Note_on_c, 0, 53, 100
2, 5117, Note_on_c, 0, 28, 0
2, 5117, Note_on_c, 0, 77, 0
2, 5183, Note_on_c, 0, 42, 100
2, 5186, Note_on_c, 0, 55, 100
2, 5186, Note_on_c, 0, 66, 0
2, 5186, Note_on_c, 0, 53, 0
2, 5227, Note_on_c, 0, 67, 100
2, 5228, Note_on_c, 0, 81, 0
2, 5231, Note_on_c, 0, 72, 0
2, 5252, Note_on_c, 0, 87, 0
2, 5291, Note_on_c, 0, 58, 0
2, 5327, Note_on_c, 0, 83, 100
2, 5327, Note_on_c, 0, 42, 0
2, 5327, Note_on_c, 0, 55, 0
2, 5499, Note_on_c, 0, 87, 100
2, 5500, Note_on_c, 0, 53, 100
2, 5500, Note_on_c, 0, 67, 0
2, 5500, Note_on_c, 0, 83, 0
2, 5533, Note_on_c, 0, 57, 0
2, 5541, Note_on_c, 0, 44, 100
2, 5541, Note_on_c, 0, 84, 0
2, 5563, Note_on_c, 0, 69, 0
2, 5577, Note_on_c, 0, 77, 0
2, 5580, Note_on_c, 0, 66, 100
2, 5580, Note_on_c, 0, 87, 0
2, 5580, Note_on_c, 0, 53, 0
2, 5622, Note_on_c, 0, 53, 100
2, 5663, Note_on_c, 0, 87, 100
2, 5663, Note_on_c, 0, 44, 0
2, 5663, Note_on_c, 0, 66, 0
2, 5666, Note_on_c, 0, 70, 0
2, 5674, Note_on_c, 0, 58, 0
2, 5690, Note_on_c, 0, 58, 100
2, 5692, Note_on_c, 0, 66, 100
2, 5692, Note_on_c, 0, 53, 0
2, 5692, Note_on_c, 0, 87, 0
2, 5695, Note_on_c, 0, 56, 100
2, 5696, Note_on_c, 0, 87, 100
2, 5696, Note_on_c, 0, 58, 0
2, 5696, Note_on_c, 0, 66, 0
2, 5715, Note_on_c, 0, 87, 0
2, 5738, Note_on_c, 0, 38, 0
2, 5740, Note_on_c, 0, 82, 0
2, 5741, Note_on_c, 0, 50, 100
2, 5822, Note_on_c, 0, 56, 100
2, 5824, Note_on_c, 0, 53, 0
2, 5827, Note_on_c, 0, 76, 0
2, 5845, Note_on_c, 0, 82, 0
2, 5845, Note_on_c, 0, 87, 100
2, 5845, Note_on_c, 0, 56, 0
2, 5845, Note_on_c, 0, 50, 0
2, 5845, Note_on_c, 0, 64, 100
2, 5848, Note_on_c, 0, 55, 100
2, 5848, Note_on_c, 0, 51, 100
2, 5848, Note_on_c, 0, 87, 0
2, 5848, Note_on_c, 0, 64, 0
2, 5851, Note_on_c, 0, 70, 100
2, 5851, Note_on_c, 0, 54, 100
2, 5851, Note_on_c, 0, 55, 0
2, 5851, Note_on_c, 0, 51, 0
2, 5852, Note_on_c, 0, 77, 100
2, 5856, Note_on_c, 0, 56, 0
2, 5859, Note_on_c, 0, 74, 100
2, 5859, Note_on_c, 0, 70, 0
2, 5859, Note_on_c, 0, 54, 0
2, 5883, Note_on_c, 0, 85, 0
2, 5885, Note_on_c, 0, 75, 100
2, 5885, Note_on_c, 0, 87, 100
2, 5885, Note_on_c, 0, 77, 0
2, 5885, Note_on_c, 0, 74, 0
2, 5899, Note_on_c, 0, 41, 100
2, 5901, Note_on_c, 0, 59, 100
2, 5901, Note_on_c, 0, 75, 0
2, 5901, Note_on_c, 0, 87, 0
2, 5915, Note_on_c, 0, 57, 100
2, 5916, Note_on_c, 0, 62, 100
2, 5916, Note_on_c, 0, 41, 0
2, 5916, Note_on_c, 0, 59, 0
2, 5931, Note_on_c, 0, 70, 0
2, 6241, Note_on_c, 0, 61, 0
2, 6274, Note_on_c, 0, 57, 100
2, 6310, Note_on_c, 0, 83, 0
2, 6345, Note_on_c, 0, 83, 100
2, 6345, Note_on_c, 0, 57, 0
2, 6345, Note_on_c, 0, 62, 0
2, 6346, Note_on_c, 0, 63, 100
2, 6364, Note_on_c, 0, 62, 100
2, 6368, Note_on_c, 0, 41, 0
2, 6403, Note_on_c, 0, 54, 0
2, 6423, Note_on_c, 0, 72, 0
2, 6426, Note_on_c, 0, 55, 0
2, 6443, Note_on_c, 0, 38, 0
2, 6454, Note_on_c, 0, 41, 100
2, 6454, Note_on_c, 0, 83, 0
2, 6454, Note_on_c, 0, 63, 0
2, 6762, Note_on_c, 0, 42, 0
2, 6783, Note_on_c, 0, 87, 100
2, 6848, Note_on_c, 0, 63, 0
2, 6849, Note_on_c, 0, 75, 0
2, 6861, Note_on_c, 0, 41, 0
2, 6881, Note_on_c, 0, 67, 0
2, 6882, Note_on_c, 0, 83, 100
2, 6884, Note_on_c, 0, 77, 100
2, 6884, Note_on_c, 0, 62, 0
2, 6884, Note_on_c, 0, 87, 0
2, 6889, Note_on_c, 0, 55, 0
2, 6899, Note_on_c, 0, 41, 0
2, 6900, Note_on_c, 0, 51, 0
2, 6901, Note_on_c, 0, 52, 0
2, 6911, Note_on_c, 0, 58, 0
2, 6915, Note_on_c, 0, 66, 0
2, 6932, Note_on_c, 0, 66, 0
2, 6943, Note_on_c, 0, 27, 100
2, 6943, Note_on_c, 0, 66, 100
2, 6943, Note_on_c, 0, 83, 0
2, 6943, Note_on_c, 0, 77, 0
2, 6974, Note_on_c, 0, 83, 100
2, 6977, Note_on_c, 0, 83, 100
2, 6977, Note_on_c, 0, 27, 0
2, 6977, Note_on_c, 0, 66, 0
2, 6985, Note_on_c, 0, 57, 0
2, 6990, Note_on_c, 0, 84, 100
2, 7001, Note_on_c, 0, 27, 0
2, 7001, Note_on_c, 0, 77, 0
2, 7004, Note_on_c, 0, 62, 0
2, 7058, Note_on_c, 0, 57, 0
2, 7059, Note_on_c, 0, 60, 0
2, 7087, Note_on_c, 0, 83, 100
2, 7087, Note_on_c, 0, 83, 0
2, 7087, Note_on_c, 0, 84, 0
2, 7087, Note_on_c, 0, 83, 100
2, 7119, Note_on_c, 0, 29, 0
2, 7215, Note_on_c, 0, 61, 0
2, 7277, Note_on_c, 0, 57, 0
2, 7278, Note_on_c, 0, 39, 0
2, 7278, Note_on_c, 0, 62, 100
2, 7504, Note_on_c, 0, 49, 0
2, 7523, Note_on_c, 0, 69, 0
2, 7524, Note_on_c, 0, 87, 100
2, 7526, Note_on_c, 0, 58, 100
2, 7526, Note_on_c, 0, 83, 0
2, 7526, Note_on_c, 0, 62, 0
2, 7576, Note_on_c, 0, 54, 0
2, 7598, Note_on_c, 0, 66, 0
2, 7607, Note_on_c, 0, 83, 100
2, 7612, Note_on_c, 0, 59, 0
2, 7632, Note_on_c, 0, 61, 0
2, 7632, Note_on_c, 0, 85, 0
2, 7643, Note_on_c, 0, 70, 0
2, 7652, Note_on_c, 0, 87, 0
2, 7660, Note_on_c, 0, 53, 100
2, 7664, Note_on_c, 0, 68, 0
2, 7678, Note_on_c, 0, 63, 100
2, 7678, Note_on_c, 0, 58, 0
2, 7678, Note_on_c, 0, 83, 0
2, 7687, Note_on_c, 0, 55, 0
2, 7692, Note_on_c, 0, 57, 100
2, 7702, Note_on_c, 0, 66, 0
2, 7705, Note_on_c, 0, 69, 0
2, 7725, Note_on_c, 0, 59, 0
2, 7732, Note_on_c, 0, 37, 0
2, 7739, Note_on_c, 0, 60, 100
2, 7739, Note_on_c, 0, 53, 0
2, 7739, Note_on_c, 0, 63, 0
2, 7755, Note_on_c, 0, 58, 100
2, 7929, Note_on_c, 0, 52, 100
2, 7929, Note_on_c, 0, 57, 0
2, 7929, Note_on_c, 0, 60, 0
2, 7931, Note_on_c, 0, 50, 100
2, 8087, Note_on_c, 0, 53, 0
2, 8087, Note_on_c, 0, 61, 0
2, 8149, Note_on_c, 0, 40, 0
2, 8208, Note_on_c, 0, 54, 0
2, 8212, Note_on_c, 0, 67, 0
2, 8218, Note_on_c, 0, 52, 0
2, 8225, Note_on_c, 0, 83, 100
2, 8255, Note_on_c, 0, 101, 0
2, 8258, Note_on_c, 0, 58, 0
2, 8351, Note_on_c, 0, 84, 0
2, 8374, Note_on_c, 0, 93, 0
2, 8429, Note_on_c, 0, 60, 100
2, 8492, Note_on_c, 0, 67, 100
2, 8492, Note_on_c, 0, 50, 0
2, 8492, Note_on_c, 0, 83, 0
2, 8495, Note_on_c, 0, 53, 100
2, 8519, Note_on_c, 0, 62, 100
2, 8519, Note_on_c, 0, 60, 0
2, 8519, Note_on_c, 0, 67, 0
2, 8522, Note_on_c, 0, 57, 0
2, 8522, Note_on_c, 0, 79, 0
2, 8533, Note_on_c, 0, 77, 0
2, 8541, Note_on_c, 0, 75, 0
2, 8551, Note_on_c, 0, 75, 0
2, 8554, Note_on_c, 0, 53, 0
2, 8554, Note_on_c, 0, 58, 100
2, 8556, Note_on_c, 0, 58, 0
2, 8596, Note_on_c, 0, 42, 100
2, 8610, Note_on_c, 0, 62, 0
2, 8633, Note_on_c, 0, 87, 0
2, 8700, Note_on_c, 0, 61, 0
2, 8718, Note_on_c, 0, 57, 0
2, 8791, Note_on_c, 0, 62, 100
2, 8794, Note_on_c, 0, 83, 100
2, 8811, Note_on_c, 0, 75, 100
2, 8811, Note_on_c, 0, 42, 0
2, 8811, Note_on_c, 0, 62, 0
2, 8814, Note_on_c, 0, 58, 100
2, 8874, Note_on_c, 0, 54, 0
2, 8934, Note_on_c, 0, 62, 0
2, 8965, Note_on_c, 0, 76, 100
2, 8965, Note_on_c, 0, 83, 0
2, 8965, Note_on_c, 0, 75, 0
2, 8970, Note_on_c, 0, 87, 100
2, 8981, Note_on_c, 0, 56, 0
2, 8985, Note_on_c, 0, 58, 0
2, 9013, Note_on_c, 0, 63, 0
2, 9015, Note_on_c, 0, 72, 100
2, 9015, Note_on_c, 0, 32, 100
2, 9015, Note_on_c, 0, 76, 0
2, 9015, Note_on_c, 0, 87, 0
2, 9027, Note_on_c, 0, 69, 0
2, 9034, Note_on_c, 0, 59, 0
2, 9048, Note_on_c, 0, 56, 100
2, 9148, Note_on_c, 0, 101, 100
2, 9148, Note_on_c, 0, 72, 0
2, 9148, Note_on_c, 0, 32, 0
2, 9161, Note_on_c, 0, 58, 0
2, 9164, Note_on_c, 0, 54, 0
2, 9228, Note_on_c, 0, 80, 0
2, 9233, Note_on_c, 0, 77, 100
2, 9294, Note_on_c, 0, 78, 0
2, 9302, Note_on_c, 0, 70, 100
2, 9302, Note_on_c, 0, 56, 0
2, 9302, Note_on_c, 0, 101, 0
2, 9332, Note_on_c, 0, 53, 0
2, 9360, Note_on_c, 0, 44, 100
2, 9375, Note_on_c, 0, 81, 0
2, 9424, Note_on_c, 0, 53, 0
2, 9429, Note_on_c, 0, 53, 100
2, 9429, Note_on_c, 0, 77, 0
2, 9429, Note_on_c, 0, 70, 0
2, 9429, Note_on_c, 0, 55, 100
2, 9429, Note_on_c, 0, 82, 100
2, 9429, Note_on_c, 0, 44, 0
2, 9429, Note_on_c, 0, 53, 0
2, 9429, Note_on_c, 0, 77, 100
2, 9437, Note_on_c, 0, 87, 0
2, 9482, Note_on_c, 0, 83, 100
2, 9482, Note_on_c, 0, 55, 0
2, 9482, Note_on_c, 0, 82, 0
2, 9484, Note_on_c, 0, 55, 100
2, 9503, Note_on_c, 0, 74, 100
2, 9503, Note_on_c, 0, 77, 0
2, 9503, Note_on_c, 0, 83, 0
2, 9524, Note_on_c, 0, 60, 0
2, 9525, Note_on_c, 0, 66, 0
2, 9536, Note_on_c, 0, 59, 100
2, 9548, Note_on_c, 0, 54, 0
2, 9550, Note_on_c, 0, 53, 0
2, 9568, Note_on_c, 0, 81, 0
2, 9824, Note_on_c, 0, 56, 0
2, 10036, Note_on_c, 0, 53, 100
2, 10036, Note_on_c, 0, 55, 0
2, 10036, Note_on_c, 0, 74, 0
2, 10039, Note_on_c, 0, 93, 100
2, 10042, Note_on_c, 0, 66, 100
2, 10042, Note_on_c, 0, 59, 0
2, 10042, Note_on_c, 0, 53, 0
2, 10063, Note_on_c, 0, 67, 0
2, 10073, Note_on_c, 0, 61, 100
2, 10075, Note_on_c, 0, 93, 0
2, 10075, Note_on_c, 0, 67, 100
2, 10077, Note_on_c, 0, 41, 0
2, 10147, Note_on_c, 0, 56, 100
2, 10147, Note_on_c, 0, 66, 0
2, 10147, Note_on_c, 0, 61, 0
2, 10152, Note_on_c, 0, 41, 0
2, 10154, Note_on_c, 0, 51, 100
2, 10306, Note_on_c, 0, 58, 0
2, 10320, Note_on_c, 0, 83, 0
2, 10337, Note_on_c, 0, 48, 100
2, 10337, Note_on_c, 0, 67, 0
2, 10337, Note_on_c, 0, 56, 0
2, 10438, Note_on_c, 0, 63, 100
2, 10446, Note_on_c, 0, 58, 0
2, 10459, Note_on_c, 0, 87, 0
2, 10461, Note_on_c, 0, 87, 100
2, 10461, Note_on_c, 0, 51, 0
2, 10461, Note_on_c, 0, 48, 0
2, 10462, Note_on_c, 0, 87, 0
2, 10477, Note_on_c, 0, 58, 0
2, 10528, Note_on_c, 0, 84, 0
2, 10541, Note_on_c, 0, 63, 100
2, 10543, Note_on_c, 0, 58, 100
2, 10545, Note_on_c, 0, 58, 0
2, 10547, Note_on_c, 0, 60, 0
2, 10550, Note_on_c, 0, 59, 100
2, 10617, Note_on_c, 0, 62, 0
2, 10628, Note_on_c, 0, 57, 0
2, 10628, Note_on_c, 0, 51, 0
2, 10960, Note_on_c, 0, 39, 0
2, 11002, Note_on_c, 0, 58, 100
2, 11002, Note_on_c, 0, 63, 0
2, 11002, Note_on_c, 0, 59, 0
2, 11013, Note_on_c, 0, 77, 100
2, 11021, Note_on_c, 0, 66, 0
2, 11113, Note_on_c, 0, 58, 0
2, 11144, Note_on_c, 0, 39, 0
2, 11177, Note_on_c, 0, 75, 0
2, 11213, Note_on_c, 0, 39, 0
2, 11228, Note_on_c, 0, 53, 100
2, 11229, Note_on_c, 0, 53, 100
2, 11236, Note_on_c, 0, 62, 0
2, 11264, Note_on_c, 0, 34, 0
2, 11267, Note_on_c, 0, 63, 0
2, 11284, Note_on_c, 0, 57, 0
2, 11292, Note_on_c, 0, 67, 0
2, 11303, Note_on_c, 0, 50, 0
2, 11303, Note_on_c, 0, 51, 100
2, 11303, Note_on_c, 0, 77, 0
2, 11303, Note_on_c, 0, 53, 0
2, 11346, Note_on_c, 0, 34, 0
2, 11362, Note_on_c, 0, 66, 0
2, 11381, Note_on_c, 0, 83, 0
2, 11402, Note_on_c, 0, 62, 0
2, 11406, Note_on_c, 0, 57, 0
2, 11430, Note_on_c, 0, 83, 100
2, 11447, Note_on_c, 0, 50, 0
2, 11509, Note_on_c, 0, 92, 100
2, 11574, Note_on_c, 0, 79, 0
2, 11621, Note_on_c, 0, 87, 100
2, 11621, Note_on_c, 0, 51, 0
2, 11621, Note_on_c, 0, 83, 0
2, 11744, Note_on_c, 0, 87, 100
2, 11762, Note_on_c, 0, 62, 100
2, 11762, Note_on_c, 0, 92, 0
2, 11762, Note_on_c, 0, 87, 0
2, 11762, Note_on_c, 0, 58, 100
2, 11765, Note_on_c, 0, 53, 100
2, 11770, Note_on_c, 0, 70, 100
2, 11770, Note_on_c, 0, 62, 0
2, 11770, Note_on_c, 0, 58, 0
2, 11772, Note_on_c, 0, 73, 100
2, 11806, Note_on_c, 0, 54, 100
2, 11806, Note_on_c, 0, 53, 0
2, 11806, Note_on_c, 0, 70, 0
2, 11807, Note_on_c, 0, 72, 100
2, 11812, Note_on_c, 0, 58, 0
2, 11906, Note_on_c, 0, 60, 100
2, 11906, Note_on_c, 0, 73, 0
2, 11906, Note_on_c, 0, 54, 0
2, 11912, Note_on_c, 0, 62, 0
2, 11951, Note_on_c, 0, 79, 0
2, 11962, Note_on_c, 0, 51, 100
2, 11997, Note_on_c, 0, 106, 100
2, 11997, Note_on_c, 0, 72, 0
2, 11997, Note_on_c, 0, 60, 0
2, 11999, Note_on_c, 0, 66, 100
2, 12013, Note_on_c, 0, 70, 0
2, 12055, Note_on_c, 0, 51, 0
2, 12074, Note_on_c, 0, 69, 0
2, 12089, Note_on_c, 0, 70, 0
2, 12097, Note_on_c, 0, 87, 100
2, 12116, Note_on_c, 0, 54, 0
2, 12125, Note_on_c, 0, 56, 100
2, 12125, Note_on_c, 0, 106, 0
2, 12125, Note_on_c, 0, 66, 0
2, 12126, Note_on_c, 0, 87, 0
2, 12175, Note_on_c, 0, 34, 0
2, 12180, Note_on_c, 0, 72, 0
2, 12238, Note_on_c, 0, 59, 0
2, 12243, Note_on_c, 0, 51, 100
2, 12247, Note_on_c, 0, 67, 0
2, 12248, Note_on_c, 0, 50, 0
2, 12251, Note_on_c, 0, 87, 0
2, 12262, Note_on_c, 0, 42, 0
2, 12428, Note_on_c, 0, 68, 100
2, 12430, Note_on_c, 0, 70, 0
2, 12501, Note_on_c, 0, 67, 0
2, 12502, Note_on_c, 0, 77, 0
2, 12514, Note_on_c, 0, 87, 100
2, 12514, Note_on_c, 0, 56, 0
2, 12514, Note_on_c, 0, 51, 0
2, 12530, Note_on_c, 0, 53, 0
2, 12533, Note_on_c, 0, 58, 0
2, 12539, Note_on_c, 0, 74, 100
2, 12542, Note_on_c, 0, 58, 100
2, 12542, Note_on_c, 0, 68, 0
2, 12542, Note_on_c, 0, 87, 0
2, 12548, Note_on_c, 0, 55, 0
2, 12557, Note_on_c, 0, 83, 0
2, 12639, Note_on_c, 0, 97, 0
2, 12701, Note_on_c, 0, 74, 0
2, 12702, Note_on_c, 0, 58, 100
2, 12879, Note_on_c, 0, 73, 0
2, 12892, Note_on_c, 0, 48, 100
2, 12897, Note_on_c, 0, 72, 0
2, 12904, Note_on_c, 0, 53, 0
2, 12917, Note_on_c, 0, 27, 100
2, 12917, Note_on_c, 0, 58, 0
2, 12917, Note_on_c, 0, 48, 0
2, 12955, Note_on_c, 0, 79, 0
2, 12956, Note_on_c, 0, 56, 100
2, 12964, Note_on_c, 0, 70, 100
2, 12975, Note_on_c, 0, 53, 100
2, 12975, Note_on_c, 0, 27, 0
2, 12975, Note_on_c, 0, 56, 0
2, 12981, Note_on_c, 0, 51, 100
2, 13003, Note_on_c, 0, 60, 0
2, 13069, Note_on_c, 0, 77, 100
2, 13069, Note_on_c, 0, 70, 0
2, 13069, Note_on_c, 0, 53, 0
2, 13107, Note_on_c, 0, 53, 0
2, 13121, Note_on_c, 0, 54, 0
2, 13123, Note_on_c, 0, 57, 100
2, 13123, Note_on_c, 0, 100, 100
2, 13123, Note_on_c, 0, 51, 0
2, 13123, Note_on_c, 0, 77, 0
2, 13190, Note_on_c, 0, 79, 0
2, 13220, Note_on_c, 0, 58, 100
2, 13224, Note_on_c, 0, 70, 0
2, 13255, Note_on_c, 0, 62, 100
2, 13255, Note_on_c, 0, 57, 0
2, 13255, Note_on_c, 0, 100, 0
2, 13263, Note_on_c, 0, 74, 100
2, 13277, Note_on_c, 0, 67, 0
2, 13282, Note_on_c, 0, 83, 100
2, 13282, Note_on_c, 0, 58, 0
2, 13282, Note_on_c, 0, 62, 0
2, 13283, Note_on_c, 0, 72, 0
2, 13330, Note_on_c, 0, 53, 0
2, 13374, Note_on_c, 0, 72, 0
2, 13374, Note_on_c, 0, 62, 0
2, 13379, Note_on_c, 0, 89, 0
2, 13406, Note_on_c, 0, 56, 0
2, 13415, Note_on_c, 0, 53, 0
2, 13421, Note_on_c, 0, 50, 0
2, 13422, Note_on_c, 0, 68, 100
2, 13423, Note_on_c, 0, 57, 100
2, 13423, Note_on_c, 0, 74, 0
2, 13423, Note_on_c, 0, 83, 0
2, 13424, Note_on_c, 0, 51, 100
2, 13425, Note_on_c, 0, 58, 100
2, 13425, Note_on_c, 0, 68, 0
2, 13425, Note_on_c, 0, 57, 0
2, 13440, Note_on_c, 0, 66, 0
2, 13441, Note_on_c, 0, 75, 0
2, 13457, Note_on_c, 0, 70, 0
2, 13485, Note_on_c, 0, 57, 0
2, 13488, Note_on_c, 0, 41, 0
2, 13496, Note_on_c, 0, 61, 100
2, 13620, Note_on_c, 0, 74, 0
2, 13633, Note_on_c, 0, 73, 0
2, 13653, Note_on_c, 0, 83, 0
2, 13655, Note_on_c, 0, 67, 0
2, 13735, Note_on_c, 0, 87, 100
2, 13735, Note_on_c, 0, 51, 0
2, 13735, Note_on_c, 0, 58, 0
2, 13744, Note_on_c, 0, 87, 0
2, 13755, Note_on_c, 0, 47, 0
2, 13768, Note_on_c, 0, 87, 0
2, 13786, Note_on_c, 0, 71, 100
2, 13788, Note_on_c, 0, 70, 100
2, 13874, Note_on_c, 0, 62, 0
2, 13904, Note_on_c, 0, 67, 100
2, 13904, Note_on_c, 0, 61, 0
2, 13904, Note_on_c, 0, 71, 0
2, 13911, Note_on_c, 0, 51, 100
2, 13945, Note_on_c, 0, 74, 100
2, 13945, Note_on_c, 0, 70, 0
2, 13945, Note_on_c, 0, 67, 0
2, 13945, Note_on_c, 0, 69, 100
2, 13981, Note_on_c, 0, 63, 0
2, 13983, Note_on_c, 0, 87, 0
2, 13988, Note_on_c, 0, 58, 100
2, 13988, Note_on_c, 0, 51, 0
2, 13988, Note_on_c, 0, 74, 0
2, 14055, Note_on_c, 0, 58, 100
2, 14058, Note_on_c, 0, 82, 0
2, 14065, Note_on_c, 0, 58, 0
2, 14071, Note_on_c, 0, 51, 100
2, 14092, Note_on_c, 0, 87, 100
2, 14103, Note_on_c, 0, 42, 100
2, 14103, Note_on_c, 0, 69, 0
2, 14103, Note_on_c, 0, 51, 0
2, 14113, Note_on_c, 0, 70, 0
2, 14118, Note_on_c, 0, 87, 0
2, 14124, Note_on_c, 0, 87, 0
2, 14124, Note_on_c, 0, 51, 0
2, 14135, Note_on_c, 0, 56, 100
2, 14138, Note_on_c, 0, 55, 0
2, 14150, Note_on_c, 0, 59, 100
2, 14252, Note_on_c, 0, 56, 100
2, 14252, Note_on_c, 0, 42, 0
2, 14252, Note_on_c, 0, 56, 0
2, 14253, Note_on_c, 0, 57, 100
2, 14393, Note_on_c, 0, 45, 100
2, 14425, Note_on_c, 0, 42, 100
2, 14425, Note_on_c, 0, 59, 0
2, 14425, Note_on_c, 0, 57, 0
2, 14427, Note_on_c, 0, 57, 100
2, 14447, Note_on_c, 0, 51, 100
2, 14447, Note_on_c, 0, 45, 0
2, 14447, Note_on_c, 0, 42, 0
2, 14630, Note_on_c, 0, 66, 100
2, 14639, Note_on_c, 0, 60, 0
2, 14639, Note_on_c, 0, 54, 0
2, 14641, Note_on_c, 0, 79, 100
2, 14641, Note_on_c, 0, 57, 0
2, 14641, Note_on_c, 0, 51, 0
2, 14650, Note_on_c, 0, 67, 100
2, 14653, Note_on_c, 0, 87, 100
2, 14653, Note_on_c, 0, 66, 0
2, 14653, Note_on_c, 0, 79, 0
2, 14654, Note_on_c, 0, 61, 100
2, 14655, Note_on_c, 0, 57, 100
2, 14655, Note_on_c, 0, 67, 0
2, 14655, Note_on_c, 0, 87, 0
2, 14656, Note_on_c, 0, 50, 100
2, 14687, Note_on_c, 0, 75, 0
2, 14714, Note_on_c, 0, 84, 0
2, 14721, Note_on_c, 0, 77, 0
2, 14787, Note_on_c, 0, 74, 100
2, 14787, Note_on_c, 0, 61, 0
2, 14787, Note_on_c, 0, 57, 0
2, 14788, Note_on_c, 0, 54, 0
2, 14795, Note_on_c, 0, 87, 0
2, 14802, Note_on_c, 0, 52, 0
2, 14835, Note_on_c, 0, 67, 0
2, 14835, Note_on_c, 0, 41, 0
2, 14840, Note_on_c, 0, 79, 100
2, 14847, Note_on_c, 0, 63, 0
2, 14855, Note_on_c, 0, 87, 0
2, 14863, Note_on_c, 0, 62, 0
2, 14880, Note_on_c, 0, 83, 0
2, 14911, Note_on_c, 0, 53, 0
2, 14941, Note_on_c, 0, 48, 0
2, 14975, Note_on_c, 0, 75, 0
2, 14997, Note_on_c, 0, 58, 0
2, 15029, Note_on_c, 0, 58, 0
2, 15055, Note_on_c, 0, 57, 0
2, 15056, Note_on_c, 0, 77, 0
2, 15080, Note_on_c, 0, 53, 100
2, 15080, Note_on_c, 0, 50, 0
2, 15080, Note_on_c, 0, 74, 0
2, 15095, Note_on_c, 0, 57, 100
2, 15108, Note_on_c, 0, 48, 0
2, 15110, Note_on_c, 0, 62, 100
2, 15110, Note_on_c, 0, 79, 0
2, 15110, Note_on_c, 0, 53, 0
2, 15132, Note_on_c, 0, 56, 100
2, 15150, Note_on_c, 0, 67, 100
2, 15150, Note_on_c, 0, 57, 0
2, 15150, Note_on_c, 0, 62, 0
2, 15150, Note_on_c, 0, 83, 100
2, 15153, Note_on_c, 0, 67, 100
2, 15153, Note_on_c, 0, 56, 0
2, 15153, Note_on_c, 0, 67, 0
2, 15155, Note_on_c, 0, 61, 0
2, 15166, Note_on_c, 0, 77, 100
2, 15167, Note_on_c, 0, 62, 100
2, 15169, Note_on_c, 0, 62, 100
2, 15169, Note_on_c, 0, 83, 0
2, 15169, Note_on_c, 0, 77, 0
2, 15169, Note_on_c, 0, 61, 100
2, 15171, Note_on_c, 0, 82, 100
2, 15171, Note_on_c, 0, 62, 0
2, 15171, Note_on_c, 0, 61, 0
2, 15223, Note_on_c, 0, 52, 100
2, 15247, Note_on_c, 0, 66, 0
2, 15247, Note_on_c, 0, 68, 0
2, 15624, Note_on_c, 0, 58, 0
2, 15625, Note_on_c, 0, 82, 0
2, 15673, Note_on_c, 0, 64, 0
2, 15675, Note_on_c, 0, 87, 100
2, 15676, Note_on_c, 0, 56, 100
2, 15716, Note_on_c, 0, 82, 100
2, 15716, Note_on_c, 0, 52, 0
2, 15716, Note_on_c, 0, 87, 0
2, 15723, Note_on_c, 0, 58, 0
2, 15754, Note_on_c, 0, 63, 100
2, 15826, Note_on_c, 0, 77, 100
2, 15826, Note_on_c, 0, 56, 0
2, 15826, Note_on_c, 0, 82, 0
2, 15826, Note_on_c, 0, 69, 100
2, 15828, Note_on_c, 0, 83, 100
2, 15828, Note_on_c, 0, 63, 0
2, 15828, Note_on_c, 0, 77, 0
2, 15828, Note_on_c, 0, 66, 100
2, 15828, Note_on_c, 0, 62, 100
2, 15828, Note_on_c, 0, 69, 0
2, 15828, Note_on_c, 0, 83, 0
2, 15841, Note_on_c, 0, 72, 0
2, 15847, Note_on_c, 0, 70, 0
2, 15858, Note_on_c, 0, 69, 0
2, 15865, Note_on_c, 0, 62, 0
2, 15866, Note_on_c, 0, 63, 100
2, 15881, Note_on_c, 0, 45, 100
2, 15894, Note_on_c, 0, 58, 0
2, 15895, Note_on_c, 0, 83, 0
2, 15895, Note_on_c, 0, 67, 100
2, 15895, Note_on_c, 0, 66, 0
2, 15895, Note_on_c, 0, 63, 0
2, 15896, Note_on_c, 0, 41, 100
2, 15928, Note_on_c, 0, 83, 0
2, 15929, Note_on_c, 0, 62, 0
2, 15948, Note_on_c, 0, 62, 100
2, 15948, Note_on_c, 0, 45, 0
2, 15948, Note_on_c, 0, 67, 0
2, 15954, Note_on_c, 0, 44, 100
2, 15987, Note_on_c, 0, 96, 0
2, 15989, Note_on_c, 0, 63, 100
2, 15989, Note_on_c, 0, 41, 0
2, 15989, Note_on_c, 0, 62, 0
2, 15997, Note_on_c, 0, 58, 0
2, 16005, Note_on_c, 0, 84, 100
2, 16025, Note_on_c, 0, 82, 100
2, 16025, Note_on_c, 0, 44, 0
2, 16025, Note_on_c, 0, 63, 0
2, 16036, Note_on_c, 0, 61, 0
2, 16046, Note_on_c, 0, 67, 0
2, 16062, Note_on_c, 0, 50, 100
2, 16366, Note_on_c, 0, 87, 100
2, 16366, Note_on_c, 0, 84, 0
2, 16366, Note_on_c, 0, 82, 0
2, 16367, Note_on_c, 0, 102, 100
2, 16368, Note_on_c, 0, 77, 100
2, 16368, Note_on_c, 0, 50, 0
2, 16368, Note_on_c, 0, 87, 0
2, 16391, Note_on_c, 0, 49, 100
2, 16392, Note_on_c, 0, 83, 100
2, 16392, Note_on_c, 0, 102, 0
2, 16392, Note_on_c, 0, 77, 0
2, 16394, Note_on_c, 0, 49, 100
2, 16400, Note_on_c, 0, 61, 0
2, 16429, Note_on_c, 0, 60, 100
2, 16429, Note_on_c, 0, 49, 0
2, 16429, Note_on_c, 0, 83, 0
2, 16430, Note_on_c, 0, 67, 100
2, 16431, Note_on_c, 0, 55, 100
2, 16432, Note_on_c, 0, 48, 100
2, 16432, Note_on_c, 0, 60, 0
2, 16432, Note_on_c, 0, 67, 0
2, 16447, Note_on_c, 0, 72, 0
2, 16463, Note_on_c, 0, 67, 0
2, 16512, Note_on_c, 0, 83, 100
2, 16515, Note_on_c, 0, 61, 0
2, 16517, Note_on_c, 0, 57, 0
2, 16522, Note_on_c, 0, 57, 0
2, 16529, Note_on_c, 0, 56, 100
2, 16529, Note_on_c, 0, 55, 0
2, 16529, Note_on_c, 0, 48, 0
2, 16559, Note_on_c, 0, 57, 0
2, 16564, Note_on_c, 0, 74, 0
2, 16572, Note_on_c, 0, 56, 0
2, 16637, Note_on_c, 0, 54, 0
2, 16642, Note_on_c, 0, 64, 0
2, 16643, Note_on_c, 0, 69, 0
2, 16665, Note_on_c, 0, 87, 0
2, 16705, Note_on_c, 0, 67, 100
2, 16707, Note_on_c, 0, 53, 100
2, 16710, Note_on_c, 0, 50, 0
2, 16864, Note_on_c, 0, 79, 100
2, 16864, Note_on_c, 0, 83, 0
2, 16864, Note_on_c, 0, 67, 0
2, 16865, Note_on_c, 0, 51, 0
2, 16936, Note_on_c, 0, 83, 0
2, 16996, Note_on_c, 0, 66, 0
2, 17012, Note_on_c, 0, 42, 0
2, 17042, Note_on_c, 0, 61, 0
2, 17042, Note_on_c, 0, 53, 0
2, 17078, Note_on_c, 0, 83, 100
2, 17139, Note_on_c, 0, 61, 100
2, 17150, Note_on_c, 0, 75, 0
2, 17180, Note_on_c, 0, 51, 100
2, 17180, Note_on_c, 0, 79, 0
2, 17180, Note_on_c, 0, 83, 0
2, 17211, Note_on_c, 0, 70, 0
2, 17212, Note_on_c, 0, 51, 0
2, 17232, Note_on_c, 0, 72, 0
2, 17257, Note_on_c, 0, 45, 0
2, 17275, Note_on_c, 0, 29, 100
2, 17279, Note_on_c, 0, 87, 0
2, 17295, Note_on_c, 0, 74, 0
2, 17329, Note_on_c, 0, 53, 100
2, 17329, Note_on_c, 0, 51, 100
2, 17329, Note_on_c, 0, 61, 0
2, 17329, Note_on_c, 0, 29, 0
2, 17383, Note_on_c, 0, 69, 0
2, 17389, Note_on_c, 0, 49, 0
2, 17394, Note_on_c, 0, 69, 0
2, 17400, Note_on_c, 0, 62, 0
2, 17462, Note_on_c, 0, 66, 0
2, 17462, Note_on_c, 0, 57, 0
2, 17464, Note_on_c, 0, 89, 100
2, 17464, Note_on_c, 0, 74, 100
2, 17464, Note_on_c, 0, 53, 0
2, 17464, Note_on_c, 0, 51, 0
2, 17484, Note_on_c, 0, 58, 100
2, 17487, Note_on_c, 0, 72, 100
2, 17487, Note_on_c, 0, 89, 0
2, 17487, Note_on_c, 0, 74, 0
2, 17531, Note_on_c, 0, 53, 0
2, 17562, Note_on_c, 0, 84, 0
2, 17570, Note_on_c, 0, 51, 0
2, 17575, Note_on_c, 0, 87, 100
2, 17577, Note_on_c, 0, 61, 100
2, 17577, Note_on_c, 0, 58, 0
2, 17577, Note_on_c, 0, 72, 0
2, 17579, Note_on_c, 0, 67, 0
2, 17595, Note_on_c, 0, 85, 0
2, 17608, Note_on_c, 0, 58, 0
2, 17620, Note_on_c, 0, 38, 0
2, 17636, Note_on_c, 0, 83, 100
2, 17637, Note_on_c, 0, 59, 100
2, 17637, Note_on_c, 0, 87, 0
2, 17637, Note_on_c, 0, 61, 0
2, 17638, Note_on_c, 0, 58, 0
2, 17639, Note_on_c, 0, 56, 0
2, 17643, Note_on_c, 0, 62, 0
2, 17643, Note_on_c, 0, 56, 100
2, 17726, Note_on_c, 0, 87, 100
2, 17726, Note_on_c, 0, 83, 0
2, 17726, Note_on_c, 0, 59, 0
2, 17731, Note_on_c, 0, 61, 0
2, 17778, Note_on_c, 0, 39, 0
2, 17781, Note_on_c, 0, 87, 0
2, 17781, Note_on_c, 0, 62, 100
2, 17784, Note_on_c, 0, 64, 100
2, 17788, Note_on_c, 0, 57, 100
2, 17788, Note_on_c, 0, 56, 0
2, 17788, Note_on_c, 0, 62, 0
2, 17803, Note_on_c, 0, 69, 100
2, 17845, Note_on_c, 0, 61, 0
2, 17850, Note_on_c, 0, 69, 0
2, 17867, Note_on_c, 0, 59, 0
2, 17870, Note_on_c, 0, 73, 100
2, 17883, Note_on_c, 0, 74, 0
2, 17883, Note_on_c, 0, 103, 0
2, 17974, Note_on_c, 0, 39, 0
2, 18002, Note_on_c, 0, 52, 0
2, 18039, Note_on_c, 0, 68, 0
2, 18041, Note_on_c, 0, 53, 0
2, 18072, Note_on_c, 0, 48, 0
2, 18109, Note_on_c, 0, 47, 100
2, 18109, Note_on_c, 0, 64, 0
2, 18109, Note_on_c, 0, 57, 0
2, 18110, Note_on_c, 0, 69, 100
2, 18176, Note_on_c, 0, 68, 0
2, 18203, Note_on_c, 0, 83, 100
2, 18203, Note_on_c, 0, 73, 0
2, 18203, Note_on_c, 0, 47, 0
2, 18207, Note_on_c, 0, 57, 0
2, 18211, Note_on_c, 0, 99, 100
2, 18213, Note_on_c, 0, 52, 100
2, 18213, Note_on_c, 0, 69, 0
2, 18213, Note_on_c, 0, 83, 0
2, 18228, Note_on_c, 0, 75, 0
2, 18240, Note_on_c, 0, 83, 100
2, 18241, Note_on_c, 0, 61, 100
2, 18241, Note_on_c, 0, 99, 0
2, 18241, Note_on_c, 0, 52, 0
2, 18244, Note_on_c, 0, 53, 100
2, 18257, Note_on_c, 0, 68, 100
2, 18257, Note_on_c, 0, 83, 0
2, 18257, Note_on_c, 0, 61, 0
2, 18268, Note_on_c, 0, 42, 100
2, 18268, Note_on_c, 0, 45, 100
2, 18268, Note_on_c, 0, 53, 0
2, 18268, Note_on_c, 0, 68, 0
2, 18346, Note_on_c, 0, 87, 0
2, 18353, Note_on_c, 0, 78, 0
2, 18354, Note_on_c, 0, 84, 100
2, 18356, Note_on_c, 0, 64, 0
2, 18356, Note_on_c, 0, 79, 100
2, 18356, Note_on_c, 0, 42, 0
2, 18356, Note_on_c, 0, 45, 0
2, 18436, Note_on_c, 0, 53, 0
2, 18567, Note_on_c, 0, 51, 0
2, 18576, Note_on_c, 0, 57, 0
2, 18580, Note_on_c, 0, 81, 100
2, 18582, Note_on_c, 0, 77, 100
2, 18582, Note_on_c, 0, 84, 0
2, 18582, Note_on_c, 0, 79, 0
2, 18592, Note_on_c, 0, 88, 100
2, 18599, Note_on_c, 0, 66, 0
2, 18601, Note_on_c, 0, 92, 0
2, 18635, Note_on_c, 0, 53, 0
2, 18636, Note_on_c, 0, 53, 100
2, 18636, Note_on_c, 0, 81, 0
2, 18636, Note_on_c, 0, 77, 0
2, 18637, Note_on_c, 0, 53, 100
2, 18638, Note_on_c, 0, 72, 100
2, 18638, Note_on_c, 0, 88, 0
2, 18638, Note_on_c, 0, 53, 0
2, 18638, Note_on_c, 0, 81, 100
2, 18642, Note_on_c, 0, 53, 100
2, 18645, Note_on_c, 0, 61, 100
2, 18645, Note_on_c, 0, 72, 0
2, 18645, Note_on_c, 0, 81, 0
2, 18649, Note_on_c, 0, 61, 0
2, 18688, Note_on_c, 0, 41, 0
2, 18690, Note_on_c, 0, 52, 100
2, 18710, Note_on_c, 0, 58, 0
2, 18718, Note_on_c, 0, 59, 100
2, 18721, Note_on_c, 0, 62, 100
2, 18721, Note_on_c, 0, 53, 0
2, 18721, Note_on_c, 0, 52, 0
2, 18723, Note_on_c, 0, 58, 100
2, 18728, Note_on_c, 0, 64, 100
2, 18728, Note_on_c, 0, 59, 0
2, 18728, Note_on_c, 0, 62, 0
2, 18769, Note_on_c, 0, 69, 100
2, 18776, Note_on_c, 0, 75, 0
2, 18803, Note_on_c, 0, 64, 0
2, 18809, Note_on_c, 0, 59, 0
2, 18820, Note_on_c, 0, 87, 100
2, 18823, Note_on_c, 0, 66, 0
2, 18829, Note_on_c, 0, 54, 0
2, 18830, Note_on_c, 0, 84, 0
2, 18837, Note_on_c, 0, 62, 0
2, 18842, Note_on_c, 0, 87, 0
2, 18969, Note_on_c, 0, 67, 0
2, 18975, Note_on_c, 0, 75, 0
2, 19039, Note_on_c, 0, 70, 100
2, 19039, Note_on_c, 0, 78, 100
2, 19039, Note_on_c, 0, 58, 0
2, 19039, Note_on_c, 0, 69, 0
2, 19041, Note_on_c, 0, 83, 100
2, 19064, Note_on_c, 0, 39, 100
2, 19064, Note_on_c, 0, 70, 0
2, 19064, Note_on_c, 0, 78, 0
2, 19073, Note_on_c, 0, 53, 0
2, 19081, Note_on_c, 0, 87, 0
2, 19116, Note_on_c, 0, 59, 0
2, 19119, Note_on_c, 0, 87, 100
2, 19123, Note_on_c, 0, 68, 100
2, 19123, Note_on_c, 0, 83, 0
2, 19123, Note_on_c, 0, 39, 0
2, 19131, Note_on_c, 0, 101, 100
2, 19175, Note_on_c, 0, 57, 0
2, 19179, Note_on_c, 0, 51, 0
2, 19186, Note_on_c, 0, 55, 0
2, 19249, Note_on_c, 0, 82, 0
2, 19252, Note_on_c, 0, 58, 100
2, 19252, Note_on_c, 0, 87, 0
2, 19252, Note_on_c, 0, 68, 0
2, 19252, Note_on_c, 0, 52, 100
2, 19275, Note_on_c, 0, 62, 100
2, 19275, Note_on_c, 0, 101, 0
2, 19275, Note_on_c, 0, 58, 0
2, 19275, Note_on_c, 0, 54, 100
2, 19277, Note_on_c, 0, 77, 0
2, 19282, Note_on_c, 0, 87, 0
2, 19283, Note_on_c, 0, 58, 100
2, 19283, Note_on_c, 0, 52, 0
2, 19283, Note_on_c, 0, 62, 0
2, 19284, Note_on_c, 0, 89, 0
2, 19287, Note_on_c, 0, 48, 0
2, 19302, Note_on_c, 0, 62, 100
2, 19304, Note_on_c, 0, 62, 100
2, 19304, Note_on_c, 0, 54, 0
2, 19304, Note_on_c, 0, 58, 0
2, 19308, Note_on_c, 0, 63, 100
2, 19309, Note_on_c, 0, 62, 100
2, 19309, Note_on_c, 0, 62, 0
2, 19309, Note_on_c, 0, 63, 0
2, 19309, Note_on_c, 0, 61, 100
2, 19328, Note_on_c, 0, 57, 0
2, 19339, Note_on_c, 0, 83, 0
2, 19347, Note_on_c, 0, 56, 0
2, 19348, Note_on_c, 0, 58, 100
2, 19362, Note_on_c, 0, 51, 0
2, 19366, Note_on_c, 0, 55, 0
2, 19367, Note_on_c, 0, 59, 100
2, 19371, Note_on_c, 0, 87, 0
2, 19379, Note_on_c, 0, 89, 100
2, 19379, Note_on_c, 0, 61, 0
2, 19379, Note_on_c, 0, 58, 0
2, 19385, Note_on_c, 0, 87, 0
2, 19430, Note_on_c, 0, 61, 0
2, 19433, Note_on_c, 0, 66, 0
2, 19466, Note_on_c, 0, 51, 100
2, 19466, Note_on_c, 0, 50, 100
2, 19466, Note_on_c, 0, 59, 0
2, 19466, Note_on_c, 0, 89, 0
2, 19480, Note_on_c, 0, 66, 100
2, 19480, Note_on_c, 0, 58, 100
2, 19480, Note_on_c, 0, 51, 0
2, 19480, Note_on_c, 0, 50, 0
2, 19488, Note_on_c, 0, 87, 0
2, 19493, Note_on_c, 0, 55, 0
2, 19583, Note_on_c, 0, 58, 0
2, 19651, Note_on_c, 0, 54, 0
2, 19658, Note_on_c, 0, 60, 0
2, 19670, Note_on_c, 0, 61, 0
2, 19675, Note_on_c, 0, 57, 100
2, 19676, Note_on_c, 0, 67, 100
2, 19681, Note_on_c, 0, 53, 100
2, 19681, Note_on_c, 0, 66, 0
2, 19681, Note_on_c, 0, 57, 0
2, 19688, Note_on_c, 0, 68, 0
2, 19708, Note_on_c, 0, 57, 100
2, 19731, Note_on_c, 0, 51, 0
2, 19983, Note_on_c, 0, 59, 0
2, 20023, Note_on_c, 0, 79, 0
2, 20094, Note_on_c, 0, 89, 100
2, 20094, Note_on_c, 0, 67, 0
2, 20094, Note_on_c, 0, 53, 0
2, 20463, Note_on_c, 0, 83, 100
2, 20503, Note_on_c, 0, 90, 0
2, 20506, Note_on_c, 0, 53, 0
2, 20539, Note_on_c, 0, 57, 100
2, 20539, Note_on_c, 0, 57, 0
2, 20539, Note_on_c, 0, 89, 0
2, 20593, Note_on_c, 0, 70, 0
2, 20594, Note_on_c, 0, 70, 100
2, 20595, Note_on_c, 0, 55, 100
2, 20596, Note_on_c, 0, 61, 100
2, 20596, Note_on_c, 0, 83, 0
2, 20596, Note_on_c, 0, 70, 0
2, 20601, Note_on_c, 0, 70, 0
2, 20649, Note_on_c, 0, 54, 0
2, 20668, Note_on_c, 0, 67, 100
2, 20669, Note_on_c, 0, 69, 0
2, 20686, Note_on_c, 0, 78, 100
2, 20686, Note_on_c, 0, 55, 0
2, 20686, Note_on_c, 0, 61, 0
2, 20689, Note_on_c, 0, 70, 100
2, 20697, Note_on_c, 0, 87, 0
2, 20712, Note_on_c, 0, 54, 0
2, 20714, Note_on_c, 0, 58, 100
2, 20714, Note_on_c, 0, 67, 0
2, 20714, Note_on_c, 0, 78, 0
2, 20805, Note_on_c, 0, 41, 0
2, 20879, Note_on_c, 0, 56, 100
2, 20921, Note_on_c, 0, 48, 0
2, 20982, Note_on_c, 0, 57, 100
2, 20982, Note_on_c, 0, 70, 0
2, 20982, Note_on_c, 0, 58, 0
2, 20985, Note_on_c, 0, 68, 100
2, 20988, Note_on_c, 0, 74, 0
2, 21007, Note_on_c, 0, 83, 0
2, 21014, Note_on_c, 0, 51, 100
2, 21014, Note_on_c, 0, 56, 0
2, 21014, Note_on_c, 0, 57, 0
2, 21033, Note_on_c, 0, 62, 100
2, 21039, Note_on_c, 0, 54, 100
2, 21039, Note_on_c, 0, 68, 0
2, 21039, Note_on_c, 0, 51, 0
2, 21040, Note_on_c, 0, 61, 100
2, 21040, End_track
3, 0, Start_track
3, 0, MIDI_port, 0
3, 0, Title_t, "--------------------------------------"
3, 0, Program_c, 1, 40
3, 0, Control_c, 1, 7, 100
3, 0, Control_c, 1, 10, 74
3, 5000, End_track
4, 0, Start_track
4, 0, MIDI_port, 0
4, 0, Title_t, "Johann Sebastian Bach  (1685-1750)"
4, 0, Program_c, 2, 40
4, 0, Control_c, 2, 7, 100
4, 0, Control_c, 2, 10, 54
4, 5000, End_track
5, 0, Start_track
5, 0, MIDI_port, 0
5, 0, Title_t, "Six Sonatas and Partitas for Solo Violin"
5, 0, End_track
6, 0, Start_track
6, 0, MIDI_port, 0
6, 0, Title_t, "--------------------------------------"
6, 0, End_track
7, 0, Start_track
7, 0, MIDI_port, 0
7, 0, Title_t, "Partita No. 1 in B minor - BWV 1002"
7, 0, End_track
8, 0, Start_track
8, 0, MIDI_port, 0
8, 0, Title_t, "3rd Movement: Corrente"
8, 0, End_track
9, 0, Start_track
9, 0, MIDI_port, 0
9, 0, Title_t, "--------------------------------------"
9, 0, End_track
10, 0, Start_track
10, 0, MIDI_port, 0
10, 0, Title_t, "Sequenced with Cakewalk Pro Audio by"
10, 0, End_track
11, 0, Start_track
11, 0, MIDI_port, 0
11, 0, Title_t, "David J. Grossman - dave@unpronounceable.com"
11, 0, End_track
12, 0, Start_track
12, 0, MIDI_port, 0
12, 0, Title_t, "This and other Bach MIDI files can be found at:"
12, 0, End_track
13, 0, Start_track
13, 0, MIDI_port, 0
13, 0, Title_t, "Dave's J.S. Bach Page"
13, 0, End_track
14, 0, Start_track
14, 0, MIDI_port, 0
14, 0, Title_t, "http://www.unpronounceable.com/bach"
14, 0, End_track
15, 0, Start_track
15, 0, MIDI_port, 0
15, 0, Title_t, "--------------------------------------"
15, 0, End_track
16, 0, Start_track
16, 0, MIDI_port, 0
16, 0, Title_t, "Original Filename: vp1-3co.mid"
16, 0, End_track
17, 0, Start_track
17, 0, MIDI_port, 0
17, 0, Title_t, "Last Modified: February 22, 1997"
17, 0, End_track
0, 0, End_of_file
